133
151
156
195
353
440
454
489
499
573
579
621
642
1124
1225
10018
10019
10070
10082
10098
10188
10189
10300
10324
10341
10363
10409
10420
10424
10530
10550
10812
10849
10911
10945
11044
11172
11219
11292
11332
11364
11450
11494
11498
11512
11530
11547
11559
11586
11650
11677
11679
11687
11727
11743
11764
11799
11850
11917
11942
11945
11946
11984
12015
12085
12136
12148
12157
12247
12250
12279
12289
12342
12372
12403
12468
12478
12503
12531
12554
12555
12577
12608
