100
113
136
138
160
264
294
324
369
371
374
382
406
408
412
424
443
446
465
474
495
498
516
530
543
568
575
583
623
640
686
694
713
834
846
847
880
884
900
913
914
991
993
1185
1210
1225
1226
1230
1246
10006
10013
10035
10042
10055
10071
10079
10093
10101
10104
10106
10110
10127
10139
10161
10165
10168
10176
10179
10190
10193
10212
10215
10220
10223
10235
10281
10299
10302
10311
10323
10334
10338
10346
10370
10392
10394
10404
10407
10450
10469
10473
10489
10490
10494
10499
10579
10591
10633
10642
10673
10689
10696
10699
10773
10780
10783
10784
10790
10820
10852
10862
10879
10922
10924
10929
10931
10940
10948
10970
10990
11000
11029
11063
11064
11069
11150
11185
11204
11231
11247
11254
11313
11344
11371
11388
11401
11417
11461
11466
11526
11554
11597
11609
11614
11636
11689
11714
11715
11723
11728
11805
11827
11830
11875
11877
11879
11889
11934
11970
12005
12024
12149
12459
12461
12502
12527
12542
12602
